# 150
0
1
6353
6309
2
3
4
7
309
273
274
388
5
6
9
8
305
310
1060307
16
3998
12
10464
10
11
22
77
44
13
14
15
20
312
17
18
266
24
19
21
23
25
58
69
38
303
26
29
37
1060297
27
28
30
314
31
32
33
34
35
36
40
313
1059795
39
52
4027
317
67
45
41
42
43
57
8841
279
51
275
46
47
56
59
55
60
48
49
54
277
63
50
61
53
71
132
278
62
65
64
75
70
68
81
66
80
78
73
86
76
83
93
72
319
318
74
79
82
88
198
197
89
87
95
106
92
84
85
352
9833
853
895
94
99
96
387
97
90
91
297
1520
400
1642
295
345
98
108
101
102
103
104
107
100